29
26
15
23
20
10
13
12
11
11
11
15
13
13
13
13
13
11
11
12
15
13
14
14
14
12
12
15
15
15
23
13
14
15
13
14
14
15
15
14
10
11
14
13
13
13
12
13
10
11
14
13
13
12
13
13
10
10
15
15
14
14
13
13
13
12
13
18
10
10
10
13
13
13
12
12
12
12
12
13
13
13
13
7
21
14
17
17
16
16
15
16
15
15
15
20
19
19
20
19
19
20
19
19
19
19
19
19
19
19
20
8
8
8
8
8
8
8
8
14
16
14
15
12
13
12
10
10
15
15
15
15
15
17
9
9
9
9
9
9
10
10
11
15
15
15
15
15
15
6
11
13
15
15
19
18
11
19
17
19
18
15
15
14
11
11
19
19
19
19
19
19
19
20
19
19
19
13
13
13
13
14
13
13
13
13
12
14
31
32
32
32
29
30
32
15
15
15
16
18
18
18
17
17
17
16
16
16
16
16
16
28
8
29
9
26
9
30
18
22
22
18
19
17
18
23
24
24
21
26
24
21
23
21
22
21
22
17
18
30
29
28
31
28
28
25
27
29
29
27
28
29
21
20
21
20
21
20
19
26
10
26
10
26
10
30
31
9
28
9
27
8
30
30
9
30
29
9
30
28
9
28
9
28
9
28
9
12
16
16
16
30
17
17
17
17
17
17
18
17
17
18
17
17
18
17
17
18
31
30
31
31
28
28
29
32
31
32
32
29
29
30
31
30
31
31
28
28
30
31
30
29
28
24
26
27
37
36
33
13
13
20
16
13
15
18
18
18
19
19
17
15
15
15
15
15
15
15
15
15
15
15
15
15
15
15
15
15
15
15
15
15
15
15
15
15
15
15
15
15
15
15
15
15
15
15
15
15
15
15
15
15
15
15
15
16
15
15
15
15
15
15
15
15
15
15
15
15
15
15
15
15
15
15
15
15
15
15
15
15
15
15
15
15
15
15
15
15
15
15
15
15
15
15
15
15
15
15
15
15
15
16
15
15
17
15
15
15
15
15
15
15
15
15
15
15
15
15
15
15
15
15
15
15
15
15
15
15
15
15
15
15
15
15
15
15
15
15
15
15
15
15
15
15
15
15
15
16
15
12
9
9
8
8
8
9
9
8
8
8
8
8
9
9
8
9
12
19
17
15
15
16
14
15
16
16
15
15
16
15
16
15
15
16
11
12
12
7
7
7
7
11
14
12
2
14
14
14
14
18
21
19
17
16
16
16
16
16
16
16
16
16
16
16
16
16
16
16
16
16
16
16
16
16
16
16
16
17
16
17
16
16
16
16
16
16
16
16
16
16
16
16
16
16
16
16
16
16
16
16
16
16
16
16
16
16
16
16
16
16
16
16
16
16
16
16
16
16
16
16
16
16
16
16
16
16
16
16
16
16
16
16
16
16
16
16
16
16
16
16
16
16
16
16
8
8
4
8
9
8
9
8
9
8
9
8
10
8
10
8
10
8
10
9
12
9
12
8
10
8
11
8
10
8
10
8
10
8
10
9
8
10
9
11
8
10
8
10
8
10
8
10
8
11
8
10
9
11
10
10
9
4
4
4
4
4
4
5
9
14
14
15
15
14
14
14
14
14
15
14
15
14
14
16
14
11
9
9
15
14
14
14
16
14
10
9
9
9
15
15
14
15
10
10
10
11
22
11
10
10
10
10
20
12
11
11
10
10
6
6
15
6
19
17
17
19
19
11
11
12
10
10
14
10
10
14
10
10
14
10
10
14
10
9
14
8
8
7
21
22
21
22
22
22
21
21
22
22
22
22
29
24
31
25
21
21
22
22
22
22
22
22
22
22
23
13
15
22
23
26
17
19
26
17
22
23
23
18
22
18
25
19
18
18
18
18
18
18
17
18
22
18
18
24
18
21
35
27
25
18
17
24
18
23
19
30
20
17
23
20
18
20
17
24
13
9
8
10
8
10
9
11
11
12
10
18
9
11
14
14
10
14
14
14
14
10
14
14
14
14
14
14
14
14
10
14
14
15
2
9
9
13
12
14
12
12
12
12
9
9
3
13
12
1
12
12
9
9
17
11
10
17
19
19
19
19
19
19
19
19
19
19
19
15
15
15
16
15
15
15
15
15
15
15
15
15
15
15
15
15
15
15
14
16
15
15
16
15
15
15
15
15
15
15
15
15
15
15
15
15
16
16
15
15
15
15
15
15
15
15
15
15
15
15
15
11
11
14
14
13
12
12
12
13
13
16
17
7
11
16
15
15
12
12
12
12
12
12
12
14
12
14
12
12
12
12
12
12
12
12
11
13
12
12
12
12
12
12
12
12
12
12
12
12
26
11
11
11
11
11
11
12
11
11
13
12
12
11
11
13
9
9
10
8
10
10
49
39
36
35
44
40
42
26
26
29
34
26
24
26
23
26
28
22
27
22
26
27
22
26
22
26
29
26
29
33
35
32
27
26
29
35
29
32
31
34
32
35
34
26
8
9
9
9
10
9
8
8
9
9
9
10
8
8
8
8
8
8
8
8
8
8
8
8
8
4
4
4
