34
32
27
4
34
33
33
36
19
36
7
3
2
2
6
7
17
2
2
2
2
9
2
6
7
2
23
8
2
17
4
8
4
2
1
4
2
2
4
6
5
17
5
2
9
4
4
2
15
20
13
14
9
7
3
2
3
4
2
1
30
30
32
38
29
33
30
30
30
23
23
22
24
22
22
22
22
24
24
18
24
22
29
23
19
18
22
38
36
23
2
29
33
2
2
2
2
2
2
2
2
2
1
2
2
2
1
2
2
2
2
2
2
2
2
2
2
31
35
33
33
34
6
2
2
29
6
8
2
2
32
24
33
32
32
32
32
31
32
31
34
34
34
32
31
32
34
31
32
16
33
32
33
33
32
31
31
32
33
32
32
32
32
32
33
32
6
31
33
16
7
14
32
32
33
31
7
31
31
31
31
31
31
31
31
31
31
31
31
31
31
31
31
31
31
31
32
31
31
31
32
33
32
32
32
32
33
33
32
32
31
32
31
31
30
31
32
31
30
31
32
31
31
31
30
31
31
31
31
32
32
31
9
7
7
7
32
30
31
31
31
31
7
33
32
32
31
31
31
33
31
31
31
32
12
31
30
31
31
31
32
31
32
32
30
32
31
31
33
31
32
32
35
32
31
32
32
30
8
32
31
7
32
30
30
32
32
31
31
34
31
31
31
32
14
31
31
31
30
31
31
33
31
31
31
31
31
30
31
31
31
31
31
30
31
31
32
31
31
31
31
31
32
31
31
31
31
31
31
31
31
31
31
31
31
31
30
31
31
31
32
31
32
31
31
31
31
31
7
31
31
31
32
31
31
31
7
31
31
31
31
31
33
31
34
31
31
31
30
31
32
32
31
32
32
31
32
31
30
32
32
32
32
32
32
31
32
19
32
31
30
31
31
31
31
31
30
32
31
31
31
31
31
31
30
31
31
32
33
31
31
32
31
31
30
30
33
33
31
31
30
31
30
31
31
31
32
32
31
31
31
32
31
33
31
31
32
32
32
32
32
32
30
31
32
34
32
34
32
32
32
31
32
18
32
12
21
20
14
9
9
6
11
11
10
15
13
14
24
15
20
21
15
19
18
14
22
17
16
14
10
33
34
2
31
5
17
4
27
24
13
12
25
17
22
5
37
23
24
20
13
10
18
42
24
9
17
9
7
39
22
11
20
21
26
19
8
22
5
20
31
31
32
15
36
31
22
17
20
18
36
38
36
4
32
31
32
32
32
32
11
14
16
42
8
6
4
32
31
6
7
35
35
30
31
2
11
31
23
34
34
18
35
10
34
35
29
35
30
32
32
4
10
35
36
34
35
18
32
33
13
2
34
34
35
19
31
36
36
35
35
35
34
4
38
31
6
31
31
5
22
36
30
32
34
32
33
43
34
31
32
33
78
33
32
32
34
32
37
32
32
35
33
30
34
32
32
34
43
30
30
33
32
32
33
31
33
33
32
47
41
32
29
40
32
33
31
32
49
30
32
33
40
22
31
31
31
2
19
2
2
34
14
10
56
38
38
37
36
38
35
38
38
37
38
37
38
37
36
33
36
35
36
36
36
38
35
35
35
35
35
37
35
37
35
39
38
39
34
36
35
35
35
35
35
35
35
36
35
35
35
36
35
35
35
39
39
24
37
38
36
36
34
36
34
35
35
35
41
39
38
36
35
34
34
35
23
35
35
34
35
36
34
35
35
35
37
35
35
24
35
35
35
35
35
35
37
35
35
47
35
35
38
34
35
35
35
35
36
35
35
37
37
35
35
46
35
37
39
35
38
35
35
35
38
22
23
37
20
35
35
35
35
36
36
35
35
35
35
35
35
35
35
35
34
36
22
35
48
36
21
34
35
55
35
28
34
35
36
35
26
28
45
35
35
35
35
37
36
35
46
35
36
37
39
22
35
34
37
35
47
35
34
37
32
23
36
34
39
35
35
37
35
35
35
38
35
34
37
34
35
37
35
36
35
35
34
35
35
34
34
37
35
35
38
35
35
35
35
35
34
36
37
35
35
35
35
37
35
16
37
35
38
35
38
35
35
35
35
35
35
35
35
35
35
35
35
37
35
35
37
35
35
31
32
33
34
32
32
35
32
11
13
10
6
24
2
27
34
19
23
21
31
44
2
2
2
2
38
6
3
34
31
31
31
30
4
3
11
1
15
34
12
22
31
31
33
23
33
32
33
19
32
32
32
19
31
15
35
34
24
33
35
33
10
20
33
33
32
32
32
32
33
22
21
20
14
35
21
34
35
35
34
22
30
32
19
16
16
18
31
31
18
18
16
18
18
18
19
16
22
18
18
16
19
18
17
17
19
17
18
17
18
18
19
17
16
16
18
18
17
19
16
17
16
18
17
21
17
16
17
31
31
22
31
18
18
33
20
10
31
33
18
31
18
18
18
18
18
18
18
18
18
20
18
16
20
20
20
20
20
20
20
20
22
18
31
30
30
30
30
30
29
30
30
30
30
30
30
30
30
30
30
30
30
30
30
30
31
32
31
31
30
32
31
30
5
9
33
31
34
34
17
2
20
2
23
22
35
35
36
38
40
37
38
37
38
39
38
35
32
33
32
32
31
31
31
33
34
37
18
34
34
34
32
34
34
34
34
34
34
33
34
31
21
33
32
31
31
32
31
31
32
31
33
33
29
31
31
32
38
31
31
33
31
33
31
30
31
31
30
32
31
32
31
31
31
31
31
31
31
31
31
31
31
34
34
31
31
31
31
33
31
31
31
31
31
31
31
31
32
31
32
32
31
31
32
31
31
10
31
31
31
32
10
34
31
31
31
31
31
31
31
31
31
30
31
32
32
31
33
31
32
31
31
31
31
31
31
31
31
31
31
32
31
30
31
32
32
31
31
31
30
31
34
33
31
31
31
32
31
33
31
32
31
33
31
32
31
8
37
16
31
31
31
31
33
33
33
33
33
33
33
33
33
33
33
33
31
31
31
31
31
31
31
31
31
31
31
31
2
16
31
32
30
30
20
31
31
31
31
31
31
134
31
31
1
2
31
31
30
33
8
22
31
9
31
31
32
32
31
33
33
2
31
30
36
38
34
7
11
2
31
31
31
33
36
33
34
35
33
34
33
37
36
18
37
36
37
37
37
36
31
20
41
31
30
31
5
5
