13
13
15
17
12
10
13
11
4
17
16
16
20
17
11
10
9
11
11
10
9
8
10
11
8
13
11
10
9
8
7
8
8
8
9
9
8
7
9
9
4
3
8
6
9
13
8
9
8
3
4
2
9
9
9
9
10
10
10
9
16
16
18
1
19
11
10
10
10
17
11
10
10
10
11
10
10
11
11
12
12
10
11
7
5
14
10
11
9
10
4
1
14
10
10
10
1
23
16
11
11
10
2
2
2
14
14
10
11
14
12
13
10
11
11
17
9
15
15
7
11
10
10
9
3
10
10
9
8
9
9
9
9
9
6
7
3
3
2
6
2
2
2
4
3
2
2
3
6
2
3
11
13
12
22
10
17
2
5
5
13
11
14
3
9
10
10
9
8
7
16
15
12
11
11
11
18
12
14
14
15
12
17
13
8
9
6
9
12
7
9
13
13
13
11
12
11
7
5
6
12
10
9
14
15
11
10
13
10
9
14
9
12
8
8
11
10
5
8
8
10
10
7
8
10
10
9
9
13
